128 0 255 255 0 0 1 0 7 12 14 16 17 19 21 23
0 0 255 255 0 0 1 0 7 12 14 16 18 19 21 23
40 128 40 255 0 0 1 0 7 12 14 16 17 19 21 22
127 38 153 255 102 0 1 0 7 12 14 16 19 21
128 0 38 0 0 255 1 0 7 12 14 15 17 19 20 22
204 0 64 0 255 255 1 0 7 12 14 15 17 19 21 22
102 192 192 0 255 255 1 0 7 12 13 15 17 19 20 22
38 38 128 0 255 0 1 0 7 12 15 17 19 22
128 128 128 192 127 255 1 0 7 12 16 19 23
128 0 25 192 127 255 1 2 9 12 14 17 21
0 0 192 192 127 255 1 4 11 14 16 19 23
192 0 0 128 0 128 1 5 12 16 17 21
0 0 192 128 0 128 1 7 14 17 19 23
192 102 153 0 0 255 1 9 12 16 19 21
0 0 255 0 255 0 0 0 2 4 6 8 10
192 0 255 0 255 0 0 0 1 2 3 4 5 6 7 8 9 10 11