127 0 0 127 0 51 1 0 7 12 14 16 17 19 21 23
0 102 0 127 0 51 1 0 7 12 14 16 18 19 21 23
0 0 127 127 0 51 1 0 7 12 14 16 17 19 21 22
127 127 51 127 0 51 1 0 7 12 14 16 19 21
0 0 127 51 102 127 1 0 7 12 14 15 17 19 20 22
102 0 0 51 102 127 1 0 7 12 14 15 17 19 21 22
0 152 0 51 102 127 1 0 7 12 13 15 17 19 20 22
127 127 51 51 102 127 1 0 7 12 15 17 19 22
0 127 51 127 127 0 0 0 2 4 6 8 10
127 127 51 127 127 51 0 0 1 2 3 4 5 6 7 8 9 10 11
127 127 51 152 0 0 1 0 7 12 16 19 23
51 51 127 0 152 0 1 2 9 12 14 17 21
51 51 127 0 0 127 1 4 11 14 16 19 23
127 127 51 127 127 0 1 5 12 16 17 21
127 127 0 0 127 102 1 7 14 17 19 23
51 51 127 127 0 102 1 9 12 16 19 21 